  3.500000  3.500000  3.500000   -0.906536394331266E-03    1.0
  3.500000  3.500000  4.800000   -0.182909086972967E-03    1.0
  3.500000  3.500000  5.600000   -0.356593450753945E-04    1.0
  3.500000  3.500000  6.300000    0.201694929302729E-04    1.0
  3.500000  3.500000  7.000000    0.453534840751082E-04    1.0
  3.500000  3.600000  4.200000   -0.370550414408148E-03    1.0
  3.500000  4.100000  5.900000   -0.156390908265106E-04    1.0
  3.500000  4.200000  4.500000   -0.135538925189251E-03    1.0
  3.500000  4.200000  5.200000   -0.531691635590998E-04    1.0
  3.500000  4.200000  6.500000    0.584712265509017E-07    1.0
  3.500000  4.300000  7.200000    0.604944970129144E-05    1.0
  3.500000  4.700000  6.000000   -0.834132629545607E-05    1.0
  3.500000  4.700000  7.700000    0.301379460471496E-05    1.0
  3.500000  4.800000  4.800000   -0.460716376870951E-04    1.0
  3.500000  5.100000  6.900000   -0.353892643065663E-07    1.0
  3.500000  5.300000  5.300000   -0.122381992056189E-04    1.0
  3.500000  5.300000  6.300000   -0.200052636051519E-05    1.0
  3.500000  5.600000  8.000000    0.601568504348864E-06    1.0
  3.500000  5.700000  5.800000   -0.283966107235517E-05    1.0
  3.500000  6.100000  6.700000    0.383648122481343E-06    1.0
  3.500000  6.300000  9.800000    0.313033561604742E-07    1.0
  3.500000  6.400000  7.600000    0.572411663416958E-06    1.0
  3.500000  7.200000  8.000000    0.453882586935529E-06    1.0
  3.500000  7.900000  7.900000    0.392940777714183E-06    1.0
  3.500000  7.900000 11.000000    0.172088667405367E-07    1.0
  3.500000  9.200000  9.400000    0.142064523808319E-06    1.0
  3.500000 10.700000 12.300000    0.281234382784039E-07    1.0
  3.500000 11.700000 15.000000    0.174088129050026E-08    1.0
  3.500000 12.400000 12.400000    0.221956842476438E-07    1.0
  3.500000 13.400000 14.200000    0.106984962429058E-07    1.0
  3.500000 15.000000 15.000000    0.670074766992806E-08    1.0
  3.600000  5.700000  7.300000    0.430778106067927E-06    1.0
  3.600000 10.500000 10.600000    0.556848054786241E-07    1.0
  3.623470  7.000000  7.000000    0.553318347533876E-06    1.0
  3.700000  8.900000 12.600000   -0.723952010070054E-08    1.0
  3.700000 11.700000 13.600000    0.108892896822830E-07    1.0
  3.800000  7.500000  7.500000    0.358363902405769E-06    1.0
  3.800000 10.300000 14.000000   -0.241402279442511E-08    1.0
  3.900000  3.900000  4.900000   -0.744406345171458E-04    1.0
  3.900000  4.700000  5.400000   -0.154543885692811E-04    1.0
  3.900000  4.800000  6.500000   -0.192271623894342E-05    1.0
  3.900000  5.200000  5.800000   -0.438754480487435E-05    1.0
  3.900000  5.200000  7.500000    0.314131343183190E-06    1.0
  3.900000  6.300000  7.100000    0.357942603695224E-06    1.0
  3.900000  6.900000  7.600000    0.349167378927182E-06    1.0
  4.000000  4.000000  4.000000   -0.178217871808068E-03    1.0
  4.000000  4.000000  5.656850   -0.200187160663368E-04    1.0
  4.000000  4.000000  6.928200    0.171425522050999E-05    1.0
  4.000000  4.000000  7.727410    0.514735217706221E-05    1.0
  4.000000  4.000000  8.000000    0.569832548374033E-05    1.0
  4.000000  5.600000  6.400000   -0.544785813836623E-06    1.0
  4.000000  6.000000  7.800000    0.278683326764732E-06    1.0
  4.000000  6.400000  6.400000    0.179164392727725E-06    1.0
  4.100000  5.300000  6.900000   -0.181255406384753E-06    1.0
  4.141100  8.000000  8.000000    0.172903841075010E-06    1.0
  4.200000  4.800000  7.100000   -0.163959284051634E-06    1.0
  4.200000  5.300000  5.300000   -0.583072000715584E-05    1.0
  4.200000  5.800000  5.800000   -0.116075140636486E-05    1.0
  4.200000  7.300000  8.000000    0.197712409677298E-06    1.0
  4.300000  4.300000  4.800000   -0.351995131061403E-04    1.0
  4.300000  4.300000  6.300000   -0.362182639671301E-05    1.0
  4.300000  5.000000  7.900000    0.241366624174101E-06    1.0
  4.300000  5.800000  7.200000    0.157029902240132E-06    1.0
  4.300000  6.600000  8.000000    0.192677206210077E-06    1.0
  4.300000  7.700000  9.600000    0.646678464571282E-07    1.0
  4.400000  4.900000  4.900000   -0.134063354336460E-04    1.0
  4.400000  5.000000  6.100000   -0.203924953659933E-05    1.0
  4.400000  6.600000  6.900000    0.217148981990853E-06    1.0
  4.400000  7.300000  7.300000    0.201713484452750E-06    1.0
  4.500000  4.500000  7.600000    0.281247935982013E-06    1.0
  4.600000  4.600000  5.500000   -0.686635007007894E-05    1.0
  4.600000  5.300000  7.500000    0.931534043436378E-07    1.0
  4.600000  6.200000  6.200000   -0.254811749518644E-07    1.0
  4.600000  6.800000 11.300000   -0.413183104637731E-07    1.0
  4.700000  4.700000  6.600000   -0.804331937445560E-06    1.0
  4.700000  5.500000  6.600000   -0.148657441597054E-06    1.0
  4.700000  5.800000  8.000000    0.121407357515433E-06    1.0
  4.700000  6.100000  6.900000    0.125084748136718E-06    1.0
  4.700000  9.600000 11.500000    0.117299268727913E-07    1.0
  4.700000  9.800000 12.900000    0.176489485251168E-08    1.0
  4.800000  5.600000  5.700000   -0.933189250359994E-06    1.0
  4.800000  6.900000  7.600000    0.135643284135613E-06    1.0
  4.800000  8.000000  8.000000    0.872762343413716E-07    1.0
  4.900000  6.200000  7.400000    0.132777743534658E-06    1.0
  4.900000  8.900000  9.100000    0.384929130284292E-07    1.0
  4.900000 12.000000 14.300000    0.183087560758111E-08    1.0
  4.900000 13.100000 13.100000    0.343062282323838E-08    1.0
  5.000000  5.000000  5.000000   -0.491470399543330E-05    1.0
  5.000000  5.000000  7.071070   -0.336416638548173E-07    1.0
  5.000000  5.000000  8.660250    0.664521941081543E-07    1.0
  5.000000  5.000000  9.659260   -0.220323968766967E-07    1.0
  5.000000  5.000000 10.000000   -0.512109656886018E-07    1.0
  5.000000  6.500000  6.600000    0.120085789461758E-06    1.0
  5.000000  7.400000  8.000000    0.881438007107045E-07    1.0
  5.000000  7.600000 12.600000   -0.235187621336070E-07    1.0
  5.000000  9.000000 14.000000   -0.101364781384327E-07    1.0
  5.000000 11.300000 11.300000    0.809924044629225E-08    1.0
  5.100000  5.100000  5.600000   -0.158204337154777E-05    1.0
  5.100000  5.100000  7.800000    0.933435773688514E-07    1.0
  5.100000  5.600000  7.400000    0.993926582800662E-07    1.0
  5.100000 10.200000 15.000000   -0.431707671827759E-08    1.0
  5.100000 14.800000 14.800000    0.134043905068863E-08    1.0
  5.200000  5.200000  6.200000   -0.374236942317594E-06    1.0
  5.200000  6.900000  7.100000    0.113537670276279E-06    1.0
  5.200000 10.000000 10.000000    0.151788326492264E-07    1.0
  5.300000  5.900000  6.800000    0.856255374123548E-07    1.0
  5.300000  6.100000  6.100000    0.117298720665563E-07    1.0
  5.300000  6.500000  8.000000    0.845753755189622E-07    1.0
  5.400000 11.000000 13.100000    0.260287774692798E-08    1.0
  5.500000  7.500000  7.500000    0.713082844357560E-07    1.0
  5.500000  8.100000 10.700000    0.997853158031632E-08    1.0
  5.500000 13.300000 15.000000    0.102592414817973E-08    1.0
  5.600000  5.600000  5.600000   -0.280250698297237E-06    1.0
  5.600000  5.600000  6.200000   -0.223659368676839E-07    1.0
  5.600000  5.600000  7.919600    0.863748079614441E-07    1.0
  5.600000  5.600000  9.699480    0.640749509752795E-09    1.0
  5.600000  5.600000 10.818400   -0.459791230419608E-07    1.0
  5.600000  5.600000 11.200000   -0.590153710697358E-07    1.0
  5.600000  6.000000  7.400000    0.961378934320832E-07    1.0
  5.600000  7.100000  9.500000    0.254101102998068E-07    1.0
  5.700000  6.600000  6.600000    0.975146079068812E-07    1.0
  5.700000  6.600000  7.300000    0.869305929471490E-07    1.0
  5.800000  7.200000  8.000000    0.542851724073008E-07    1.0
  5.900000  5.900000  6.600000    0.894005391347156E-07    1.0
  5.900000  8.000000  8.000000    0.392175261991170E-07    1.0
  6.000000  6.000000  6.000000    0.640277633861599E-07    1.0
  6.000000  6.000000  8.485280    0.530078911390838E-07    1.0
  6.000000  6.000000 10.392300   -0.416578991956039E-08    1.0
  6.000000  6.000000 11.591100   -0.299913539255031E-07    1.0
  6.000000  6.000000 12.000000   -0.371772975600426E-07    1.0
  6.000000  6.400000  7.800000    0.676109836999350E-07    1.0
  6.000000 12.300000 12.300000    0.238349904037287E-08    1.0
  6.100000  7.200000  7.200000    0.631727349101402E-07    1.0
  6.200000  6.200000  7.100000    0.842969419787114E-07    1.0
  6.200000 11.400000 15.000000    0.178620434466635E-09    1.0
  6.300000  8.800000  9.400000    0.140147567522032E-07    1.0
  6.300000  9.400000 12.100000    0.293373115836796E-08    1.0
  6.300000 14.000000 14.000000    0.905564360507082E-09    1.0
  6.400000  7.500000  7.700000    0.412396886663875E-07    1.0
  6.500000  6.500000  6.500000    0.830929082114993E-07    1.0
  6.500000  6.900000  8.000000    0.433135015865369E-07    1.0
  6.500000  8.000000  8.000000    0.291149099749289E-07    1.0
  6.500000  8.600000 13.500000   -0.184328940782186E-08    1.0
  6.500000 10.100000 13.400000    0.995790360363249E-09    1.0
  6.500000 10.200000 10.800000    0.507353824734855E-08    1.0
  6.600000  6.700000  7.400000    0.569608536513040E-07    1.0
  6.600000 15.000000 15.000000    0.508048870750085E-09    1.0
  6.700000  8.100000 14.800000   -0.624632995014514E-08    1.0
  6.800000  8.700000 10.900000    0.578229835288622E-08    1.0
  6.800000  9.500000 14.900000   -0.129484044279546E-08    1.0
  6.800000 11.600000 13.500000    0.119319282562053E-08    1.0
  7.000000  7.000000  7.000000    0.508772554245806E-07    1.0
  7.000000  7.000000  9.899490    0.130554782513306E-07    1.0
  7.000000  7.000000 12.124400   -0.190919219629396E-08    1.0
  7.000000  7.000000 13.523000   -0.829809521555667E-08    1.0
  7.000000  7.000000 14.000000   -0.101181857153331E-07    1.0
  7.000000  7.800000  7.800000    0.274762133167902E-07    1.0
  7.100000  7.100000  7.700000    0.359519324249671E-07    1.0
  7.100000 11.500000 11.500000    0.223558945344611E-08    1.0
  7.300000 13.100000 13.300000    0.858438475111134E-09    1.0
  7.400000 12.100000 14.700000    0.544330630000516E-09    1.0
  7.600000  7.600000  7.600000    0.253653861422156E-07    1.0
  7.600000  9.800000  9.800000    0.521981446954087E-08    1.0
  7.600000 10.700000 15.000000    0.238008984040115E-09    1.0
  7.600000 13.500000 15.000000    0.440847356547846E-09    1.0
  7.800000  9.600000 11.500000    0.277392572850134E-08    1.0
  7.900000  8.300000  9.800000    0.753872207370115E-08    1.0
  7.900000 10.400000 13.500000    0.939973454255146E-09    1.0
  8.000000  8.000000  8.000000    0.160579963327121E-07    1.0
  8.000000  8.000000 11.313700    0.388489316599857E-08    1.0
  8.000000  8.000000 13.856400   -0.528374006945691E-09    1.0
  8.000000  8.000000 15.454800   -0.245156340411883E-08    1.0
  8.000000  8.000000 16.000000   -0.300180617418214E-08    1.0
  8.100000 11.700000 12.700000    0.104530194738458E-08    1.0
  8.200000  9.100000 12.900000    0.131747094849055E-08    1.0
  8.400000 15.000000 15.000000    0.268134532190563E-09    1.0
  8.700000  9.700000 15.000000    0.205696443459548E-09    1.0
  8.700000 10.900000 10.900000    0.184120097383840E-08    1.0
  8.700000 11.700000 15.000000    0.361311638307884E-09    1.0
  9.000000  9.000000  9.000000    0.554748638009969E-08    1.0
  9.000000  9.000000 10.600000    0.322475331688534E-08    1.0
  9.000000 12.900000 13.000000    0.554738320982587E-09    1.0
  9.300000 13.700000 14.500000    0.294829869750945E-09    1.0
  9.400000  9.400000 12.100000    0.152010140234056E-08    1.0
  9.500000 10.300000 13.400000    0.757679331788137E-09    1.0
  9.700000 11.500000 12.300000    0.778258487928611E-09    1.0
 10.000000 10.000000 10.000000    0.214379155930893E-08    1.0
 10.200000 12.100000 14.000000    0.358836249697421E-09    1.0
 10.300000 15.000000 15.000000    0.150601499728444E-09    1.0
 10.400000 10.400000 14.700000    0.368992983774941E-09    1.0
 10.700000 12.600000 12.600000    0.421095010868048E-09    1.0
 10.700000 13.200000 15.000000    0.198093241333563E-09    1.0
 11.100000 11.100000 11.100000    0.845162567022430E-09    1.0
 11.200000 11.200000 13.000000    0.465232649248548E-09    1.0
 11.200000 13.600000 13.600000    0.234421993054751E-09    1.0
 11.400000 11.400000 14.400000    0.284820844458784E-09    1.0
 12.000000 15.000000 15.000000    0.104388366520032E-09    1.0
 12.300000 12.300000 12.300000    0.344640918173582E-09    1.0
 12.300000 12.300000 15.000000    0.162236790844637E-09    1.0
 12.400000 13.700000 14.500000    0.137068835057145E-09    1.0
 12.600000 12.600000 13.700000    0.196975939541206E-09    1.0
 13.500000 14.600000 15.000000    0.805505954316943E-10    1.0
 13.600000 13.700000 13.700000    0.126940529918500E-09    1.0
 15.000000 15.000000 15.000000    0.561732303543208E-10    1.0
 20.000000 20.000000 20.000000    0.406768225871013E-11    1.0
 30.000000 30.000000 30.000000    1.04302419E-13           1.0
 50.000000 50.000000 50.000000    1.04491619E-15           1.0
100.000000 100.000000 100.0000    2.03576858E-18           1.0
300.000000 300.000000 300.0000    1.0335144E-22            1.0
1000.000000 1000.000000 1000.0    2.03409564E-27           1.0
  1.750000  1.750000  1.750000   -0.121492545341148      1.0    ! 25 small-R
  2.000000  2.000000  2.000000   -0.665454000205116E-01  1.0
  2.000000  2.500000  4.500000    0.501297493439049E-02  1.0
  2.000000  4.000000  4.000000   -0.121662809236453E-02  1.0
  2.000000  4.700000  5.400000   -0.611509118338435E-04  1.0
  2.000000  5.500000  7.400000    0.103191244524964E-04  1.0
  2.000000  7.300000  7.300000    0.217578810244244E-05  1.0
  2.100000  6.000000  6.000000   -0.275696584457873E-05  1.0
  2.200000  3.400000  5.500000    0.641768408192590E-03  1.0
  2.250000  2.250000  2.250000   -0.349289312632653E-01  1.0
  2.500000  2.500000  2.500000   -0.177323737860932E-01  1.0
  2.500000  4.800000  6.500000    0.958190321072225E-05  1.0
  2.500000  6.400000  6.900000    0.192726442333172E-05  1.0
  2.500000  6.600000  8.000000    0.115004543300032E-05  1.0
  2.500000  8.000000  8.000000    0.105507140947353E-05  1.0
  2.600000  3.200000  4.000000   -0.153086049149051E-02  1.0
  2.750000  2.750000  2.750000   -0.875003075957565E-02  1.0
  2.800000  2.800000  5.000000    0.159691688075431E-03  1.0
  3.000000  3.000000  3.000000   -0.420840345505549E-02  1.0
  3.000000  3.000000  6.000000    0.319872617052007E-03  1.0
  3.000000  4.700000  5.400000   -0.358361025898450E-04  1.0
  3.000000  5.300000  7.500000    0.220730950515647E-05  1.0
  3.000000  6.200000  6.200000    0.176912171124305E-06  1.0
  3.000000  7.400000  7.400000    0.972294368224963E-06  1.0
  3.250000  3.250000  3.250000   -0.197596203749389E-02  1.0
  2.000000  2.000000  3.400000   -0.598097847823300E-02   1.0 ! 18 iteration-obtained small-R
  2.000000  2.600000  2.900000   -0.164432122033317E-01   1.0
  2.000000  2.900000  3.900000   -0.256657047089271E-02   1.0
  2.000000  3.200000  3.200000   -0.681817805884855E-02   1.0
  2.000000  3.400000  4.600000   -0.234361649258665E-03   1.0
  2.000000  4.300000  6.100000    0.159111608842572E-03   1.0
  2.000000  5.000000  6.900000    0.378954472905887E-04   1.0
  2.000000  5.800000  6.700000    0.250929121646986E-05   1.0
  2.000000  6.300000  7.500000    0.168142980395497E-05   1.0
  2.100000  2.100000  4.000000    0.476515708935296E-02   1.0
  2.100000  2.900000  5.000000    0.212442140026834E-02   1.0
  2.300000  3.600000  3.600000   -0.227770089045352E-02   1.0
  2.500000  2.600000  3.500000   -0.519741361439729E-02   1.0
  2.600000  2.600000  4.300000   -0.795909733521989E-03   1.0
  2.700000  4.000000  5.700000   -0.680635193054668E-05   1.0
  2.700000  5.600000  6.700000    0.856543897065266E-06   1.0
  2.900000  3.300000  5.400000    0.185814790293128E-04   1.0
  2.900000  4.400000  6.200000    0.129707984577676E-06   1.0