     1.16406382984624           7.33779142427628      
    0.593775469740520    	   0.207562291096732E-02  
    0.579991620360140    	   0.201257721465354E-02  
     2.16547015214329    	   -162280.921808245      
     2.98314825911820    	    140426930.572053      
     1.41509085761783    	    3676.77127295706      
     1.68952244399482    	    40721.4699374272      
     4.01020983745692    	   -145478302663.879      
    0.918500573699908    	   -2.38575533677150      
     1.24672879488806    	    24.9222823036941      
     2.05681119414852    	   -136123.231454042      
     1.31995140236607    	   -2036.85749653572      
     3.73423077881244    	    65196789563.7813      
     2.03094608487497    	   -246369.934348762      
     2.16349588270954    	    337609.745545195      
     1.14951445564366    	   -303.389041542620      
     1.13500643353835    	    419.847355533508      
    0.706124946374114    	   0.428281282658233E-01  
     3.38198341068258    	   -6376463380.36163      
    0.586893129829570    	   0.121898031059658E-01  
     2.50706679697449    	    25447929.5505372      
    0.947942951899726    	    1.81213617023749      
     1.32340552994745    	   -2092.82734569787      
    0.400000000000000    	   0.681066685456400E-05  
     3.08785463812471    	   -146635205.381890      
    0.958505100822341    	    6.60802549511257      
     1.18369957176966    	   -344.693694202977      
     2.88051393389548    	    143064734.239803      
     3.89009793612663    	   -1008432134063.46      
     1.75941163648810    	   -9312.13937942436      
    0.663027178763952    	  -0.386910250300881E-02  
     3.85457885867751    	    711864422051.715      
     1.10245630997729    	    18.0536606525932      
    0.928262289570450    	   0.922564385936391      
     1.10072817300826    	   -4.52285479839575
=================== END OF SHORT RANGE =====================
    0.850816031004730      
    1.03935993289613  	   
    2.35163790098234  	   
    20.0000000000000  	   
    7.74979337816275  	   
==================== END OF LONG 3TH ORD ===================
     1.76277419240966        -15.2910806164061    
     2.22023197004267    	  -370.838300778413    
     2.33977220590245    	   673.766716043939    
     1.96782469219456    	  -553.474291722504    
     2.13546395662687    	   158.205832955569    
     0.959706781068175    	   112.479143795999 
==================== END OF LONG 4TH ORD ===================